1,59671,12013,SKILL_GM_AREAKILL,GMAreaKill,SKILL_GM_AREAKILL,0,1,2,0,99999999,0,0,0,0,0,0,0,0,0,0,500,0,1,0,0,0,0,0,1,1,0,0,0,289,0,1,0,0,0,0,0,0,0,0,0,1,0,0,0,255,255,0,0,0,0,0,2,0,0,1,skill\gm\gm_areakill.ddj,SN_SKILL_GM_AREAKILL,xxx,SN_SKILL_GM_AREAKILL_TT_DESC,SN_SKILL_GM_AREAKILL_TT_DESC,0,77,0,25451,100,28003,2,1,6645362,1,1,1000,50,35,24,0,0,0,0,0,0,0,0,0,0,0,0,0,0,0,0,0,0,0,0,0,0,0,0,0,0,0,0,0,0,0,0,0,0,0,0,0
1,59672,12014,SKILL_GM_SPEED,GMSpeed,SKILL_GM_SPEED,0,1,1,0,99999999,0,0,0,0,0,0,0,0,0,0,0,0,0,0,0,0,1,1,1,1,1,1,0,289,0,1,0,0,0,0,0,0,0,0,0,1,0,0,0,255,255,0,0,0,0,0,2,0,1,0,skill\gm\gm_speed.ddj,SN_SKILL_GM_SPEED,xxx,SN_SKILL_GM_SPEED_TT_DESC,SN_SKILL_GM_SPEED_TT_DESC,0,0,3,1685418593,604800000,1752396901,1000,0,0,0,0,0,0,0,0,0,0,0,0,0,0,0,0,0,0,0,0,0,0,0,0,0,0,0,0,0,0,0,0,0,0,0,0,0,0,0,0,0,0,0,0,0
1,59673,12015,SKILL_GM_TELEPORT,GMTeleport,SKILL_GM_TELEPORT,0,1,2,0,99999999,0,0,0,0,0,0,0,0,0,0,0,1,0,1,0,0,0,0,0,0,0,0,0,289,0,1,0,0,0,0,0,0,0,0,0,1,0,0,0,255,255,0,0,0,0,0,2,0,1,1,skill\gm\gm_teleport.ddj,SN_SKILL_GM_TELEPORT,xxx,SN_SKILL_GM_TELEPORT_TT_DESC,SN_SKILL_GM_TELEPORT_TT_DESC,0,0,0,1952803941,5000,5000,0,0,0,0,0,0,0,0,0,0,0,0,0,0,0,0,0,0,0,0,0,0,0,0,0,0,0,0,0,0,0,0,0,0,0,0,0,0,0,0,0,0,0,0,0,0
1,59674,12016,SKILL_GM_SINGLEKILL,GMSingleKill,SKILL_GM_SINGLEKILL,0,1,2,0,99999999,0,0,0,0,0,0,0,0,0,0,500,1,1,0,0,1,1,1,1,1,1,1,0,289,0,1,0,0,0,0,0,0,0,0,0,1,0,0,0,255,255,0,0,0,0,0,2,0,0,0,skill\gm\gm_singlekill.ddj,SN_SKILL_GM_SINGLEKILL,xxx,SN_SKILL_GM_SINGLEKILL_TT_DESC,SN_SKILL_GM_SINGLEKILL_TT_DESC,0,77,0,25451,100,0,0,0,0,0,0,0,0,0,0,0,0,0,0,0,0,0,0,0,0,0,0,0,0,0,0,0,0,0,0,0,0,0,0,0,0,0,0,0,0,0,0,0,0,0,0,0
1,59675,12017,SKILL_GM_DISGUISE,GMDisguise,SKILL_GM_DISGUISE,0,1,2,0,99999999,0,0,0,0,0,0,0,0,0,0,500,0,1,0,0,0,0,0,1,1,1,1,0,289,0,1,0,0,0,0,0,0,0,0,0,1,0,0,0,255,255,0,0,0,0,0,2,0,3,0,skill\gm\gm_disguise.ddj,SN_SKILL_GM_DISGUISE,xxx,SN_SKILL_GM_DISGUISE_TT_DESC,SN_SKILL_GM_DISGUISE_TT_DESC,0,0,3,1836278632,3,140,1685418593,604800000,1952542324,509,0,0,0,0,0,0,0,0,0,0,0,0,0,0,0,0,0,0,0,0,0,0,0,0,0,0,0,0,0,0,0,0,0,0,0,0,0,0,0,0,0,0
1,59676,12018,SKILL_GM_CONFUSE,GMConfuse,SKILL_GM_CONFUSE,0,1,2,0,99999999,0,0,0,0,0,0,0,0,0,0,500,1,1,0,0,0,0,0,1,0,0,0,0,289,0,1,0,0,0,0,0,0,0,0,0,1,0,0,0,255,255,0,0,0,0,0,2,0,3,1,skill\gm\gm_confuse.ddj,SN_SKILL_GM_CONFUSE,xxx,SN_SKILL_GM_CONFUSE_TT_DESC,SN_SKILL_GM_CONFUSE_TT_DESC,0,69,0,25441,120000,100,20,0,0,0,0,0,0,0,0,0,0,0,0,0,0,0,0,0,0,0,0,0,0,0,0,0,0,0,0,0,0,0,0,0,0,0,0,0,0,0,0,0,0,0,0,0
1,59677,12019,SKILL_GM_STUNT,GMStunt,SKILL_GM_STUNT,0,1,2,0,99999999,0,0,0,0,0,0,0,0,0,0,500,1,1,0,0,0,0,0,1,1,0,0,0,289,0,1,0,0,0,0,0,0,0,0,0,1,0,0,0,255,255,0,0,0,0,0,2,0,2,0,skill\gm\gm_stunt.ddj,SN_SKILL_GM_STUNT,xxx,SN_SKILL_GM_STUNT_TT_DESC,SN_SKILL_GM_STUNT_TT_DESC,0,69,0,29556,30000,100,20,0,0,0,0,0,0,0,0,0,0,0,0,0,0,0,0,0,0,0,0,0,0,0,0,0,0,0,0,0,0,0,0,0,0,0,0,0,0,0,0,0,0,0,0,0
1,59678,12020,SKILL_GM_POTIONBLOCK,GMPotionBlock,SKILL_GM_POTIONBLOCK,0,1,2,0,99999999,0,0,0,0,0,0,0,0,0,0,500,1,1,0,0,0,0,0,1,1,0,0,0,289,0,1,0,0,0,0,0,0,0,0,0,1,0,0,0,255,255,0,0,0,0,0,2,0,2,1,skill\gm\gm_potionblock.ddj,SN_SKILL_GM_POTIONBLOCK,xxx,SN_SKILL_GM_POTIONBLOCK_TT_DESC,SN_SKILL_GM_POTIONBLOCK_TT_DESC,0,69,0,1668509040,60000,100,20,9999,9999,9999,1668507760,60000,100,20,10000,0,0,0,0,0,0,0,0,0,0,0,0,0,0,0,0,0,0,0,0,0,0,0,0,0,0,0,0,0,0,0,0,0,0,0,0,0
1,59679,12021,SKILL_GM_BOMB,GMBomb,SKILL_GM_BOMB,0,1,2,0,99999999,0,0,0,0,0,0,0,0,0,0,500,1,1,0,0,0,0,0,1,1,0,0,0,289,0,1,0,0,0,0,0,0,0,0,0,1,0,0,0,255,255,0,0,0,0,0,2,0,2,2,skill\gm\gm_bomb.ddj,SN_SKILL_GM_BOMB,xxx,SN_SKILL_GM_BOMB_TT_DESC,SN_SKILL_GM_BOMB_TT_DESC,0,69,0,29794,84545280,100,20,20,0,0,0,0,0,0,0,0,0,0,0,0,0,0,0,0,0,0,0,0,0,0,0,0,0,0,0,0,0,0,0,0,0,0,0,0,0,0,0,0,0,0,0,0
1,59680,12022,SKILL_GM_RESURRECT,GMResurrect,SKILL_GM_RESURRECT,0,1,2,0,99999999,0,0,0,0,0,0,0,0,0,0,500,1,1,0,0,0,1,1,1,1,1,0,1,289,0,1,0,0,0,0,0,0,0,0,0,1,0,0,0,255,255,0,0,0,0,0,2,0,1,2,skill\gm\gm_resurrect.ddj,SN_SKILL_GM_RESURRECT,xxx,SN_SKILL_GM_RESURRECT_TT_DESC,SN_SKILL_GM_RESURRECT_TT_DESC,0,0,0,1751474540,0,100,0,100,1919251317,140,100,0,0,0,0,0,0,0,0,0,0,0,0,0,0,0,0,0,0,0,0,0,0,0,0,0,0,0,0,0,0,0,0,0,0,0,0,0,0,0,0,0
1,59681,12023,SKILL_GM_CURE,GMCure,SKILL_GM_CURE,0,1,2,0,99999999,0,0,0,0,0,0,0,0,0,0,500,1,1,0,0,1,1,1,1,1,1,0,0,289,0,1,0,0,0,0,0,0,0,0,0,1,0,0,0,255,255,0,0,0,0,0,2,0,1,3,skill\gm\gm_cure.ddj,SN_SKILL_GM_CURE,xxx,SN_SKILL_GM_CURE_TT_DESC,SN_SKILL_GM_CURE_TT_DESC,0,0,0,1668641396,63,9999,1668641388,25145280,100,20,1919120754,10,0,0,0,0,0,0,0,0,0,0,0,0,0,0,0,0,0,0,0,0,0,0,0,0,0,0,0,0,0,0,0,0,0,0,0,0,0,0,0,0
1,59682,12024,SKILL_GM_TAG,GMTag,SKILL_GM_TAG,0,1,2,0,99999999,0,0,0,0,0,0,0,0,0,0,500,1,1,0,0,0,1,1,1,1,1,1,0,289,0,1,0,0,0,0,0,0,0,0,0,1,0,0,0,255,255,0,0,0,0,0,2,0,3,2,skill\gm\gm_tag.ddj,SN_SKILL_GM_TAG,xxx,SN_SKILL_GM_TAG_TT_DESC,SN_SKILL_GM_TAG_TT_DESC,0,78,3,1851946342,1650619750,1819175795,13,604800000,100,1,1685418593,604800000,1752069232,0,0,0,0,0,0,0,0,0,0,0,0,0,0,0,0,0,0,0,0,0,0,0,0,0,0,0,0,0,0,0,0,0,0,0,0,0,0,0
